# oST version 5.0 parameters


[image]

width
640

height
480

[narrow_stereo]

camera matrix
574.781745 0.000000 328.626788
0.000000 574.419890 234.106821
0.000000 0.000000 1.000000

distortion
0.080403 -0.236447 -0.006770 0.005161 0.000000

rectification
1.000000 0.000000 0.000000
0.000000 1.000000 0.000000
0.000000 0.000000 1.000000

projection
575.093933 0.000000 331.387022 0.000000
0.000000 577.899231 231.361529 0.000000
0.000000 0.000000 1.000000 0.000000
