('D = ', [0.03145894432724143, -0.1395701907740308, 0.001235126631086102, 0.0022243381023857025, 0.0])
('K = ', [1334.8664427422389, 0.0, 946.7148455026262, 0.0, 1334.89106432492, 548.9921251080187, 0.0, 0.0, 1.0])
('R = ', [1.0, 0.0, 0.0, 0.0, 1.0, 0.0, 0.0, 0.0, 1.0])
('P = ', [1302.109375, 0.0, 949.75249721203, 0.0, 0.0, 1335.706787109375, 549.4133065283677, 0.0, 0.0, 0.0, 1.0, 0.0])
None
# oST version 5.0 parameters


[image]

width
1920

height
1080

[narrow_stereo]

camera matrix
1334.866443 0.000000 946.714846
0.000000 1334.891064 548.992125
0.000000 0.000000 1.000000

distortion
0.031459 -0.139570 0.001235 0.002224 0.000000

rectification
1.000000 0.000000 0.000000
0.000000 1.000000 0.000000
0.000000 0.000000 1.000000

projection
1302.109375 0.000000 949.752497 0.000000
0.000000 1335.706787 549.413307 0.000000
0.000000 0.000000 1.000000 0.000000
