# oST version 5.0 parameters


[image]

width
1920

height
1080

[narrow_stereo]

camera matrix
1334.866443 0.000000 946.714846
0.000000 1334.891064 548.992125
0.000000 0.000000 1.000000

distortion
0.031459 -0.139570 0.001235 0.002224 0.000000

rectification
1.000000 0.000000 0.000000
0.000000 1.000000 0.000000
0.000000 0.000000 1.000000

projection
1302.109375 0.000000 949.752497 0.000000
0.000000 1335.706787 549.413307 0.000000
0.000000 0.000000 1.000000 0.000000
