('D = ', [0.08040254723520553, -0.236446578326744, -0.006770270964963061, 0.0051614330127495965, 0.0])
('K = ', [574.7817449227823, 0.0, 328.62678771184835, 0.0, 574.419889977359, 234.1068209393228, 0.0, 0.0, 1.0])
('R = ', [1.0, 0.0, 0.0, 0.0, 1.0, 0.0, 0.0, 0.0, 1.0])
('P = ', [575.0939331054688, 0.0, 331.38702233848016, 0.0, 0.0, 577.8992309570312, 231.36152910791134, 0.0, 0.0, 0.0, 1.0, 0.0])
None
# oST version 5.0 parameters


[image]

width
640

height
480

[narrow_stereo]

camera matrix
574.781745 0.000000 328.626788
0.000000 574.419890 234.106821
0.000000 0.000000 1.000000

distortion
0.080403 -0.236447 -0.006770 0.005161 0.000000

rectification
1.000000 0.000000 0.000000
0.000000 1.000000 0.000000
0.000000 0.000000 1.000000

projection
575.093933 0.000000 331.387022 0.000000
0.000000 577.899231 231.361529 0.000000
0.000000 0.000000 1.000000 0.000000
