header:
  frame_id: camera_color_optical_frame
image_width: 1920
image_height: 1080
camera_name: narrow_stereo
camera_matrix:
  rows: 3
  cols: 3
  data: [1397.544403, 0, 978.533201, 0, 1394.811023, 537.840366, 0, 0, 1]
distortion_model: plumb_bob
distortion_coefficients:
  rows: 1
  cols: 5
  data: [0.08651099999999999, -0.176754, 0.000242, 0.001523, 0]
rectification_matrix:
  rows: 3
  cols: 3
  data: [1, 0, 0, 0, 1, 0, 0, 0, 1]
projection_matrix:
  rows: 3
  cols: 4
  data: [1399.293213, 0, 983.2859529999999, 0, 0, 1410.947388, 538.022962, 0, 0, 0, 1, 0]
