#('D = ', [0.0865114989817678, -0.17675376181619992, 0.00024209494043546262, 0.0015225490359013485, 0.0])
#('K = ', [1397.5444026578466, 0.0, 978.5332012603416, 0.0, 1394.81102319767, 537.8403659065053, 0.0, 0.0, 1.0])
#('R = ', [1.0, 0.0, 0.0, 0.0, 1.0, 0.0, 0.0, 0.0, 1.0])
#('P = ', [1399.293212890625, 0.0, 983.2859526563698, 0.0, 0.0, 1410.9473876953125, 538.0229620394966, 0.0, 0.0, 0.0, 1.0, 0.0])
#None
# oST version 5.0 parameters


[image]

width
1920

height
1080

[narrow_stereo]

camera matrix
1397.544403 0.000000 978.533201
0.000000 1394.811023 537.840366
0.000000 0.000000 1.000000

distortion
0.086511 -0.176754 0.000242 0.001523 0.000000

rectification
1.000000 0.000000 0.000000
0.000000 1.000000 0.000000
0.000000 0.000000 1.000000

projection
1399.293213 0.000000 983.285953 0.000000
0.000000 1410.947388 538.022962 0.000000
0.000000 0.000000 1.000000 0.000000
